2,3
1,5,6
1,4,5
1,4,5
55,77,78
198,199,240,241
23410070,23410071,23423758,23423759
23410069,23410070,23423757,23423758
471,472,535,536
9999757822,9999757823,10000040664,10000040665
9999757821,9999757822,10000040663,10000040664
229,230,273,274
232939,232940,234307,234308
232939,232940,234307,234308
44956,44957,45558,45559
42909,42910,43497,43498
23410070,23410071,23423758,23423759
232939,232940,234307,234308
764631,764632,767107,767108
54640115,54640116,54661025,54661026
12060,12061,12372,12373
7663372,7663373,7671204,7671205
120361,120362,121345,121346
2,3
1,5,6
1,4,5
229,230,273,274
232939,232940,234307,234308
